0  -0.00157949  0.0106016  0.0167508  -0.0236922  
1  -0.0298102  0.00360283  0.0193534  -0.0372225  
2  -0.0700069  0.00504293  0.00896607  -0.0317427  
3  0.00159993  0.00532654  0.0233379  -0.0345243  
4  -0.0198184  -0.00432989  0.0274673  -0.0432484  
5  0.0188403  0.00531916  0.0312664  -0.0442098  
6  -0.0188365  -0.00406748  0.0209808  -0.0720734 
7  0.00988916  0.0141164  0.0059108  -0.050497
8  0.152675  0.0209919  -0.00469456  -0.0341947  
9  -0.0150741  -0.0120862  0.0102087  -0.0583484  
10  0.137909  0.00843142  0.0182405  -0.0385317  
11  -0.036384  -0.00365648  0.00890513  -0.0546626  
12  0.140411  0.0318552  0.0203973  -0.0676383  
13  -0.0755883  0.00628804  0.013983  -0.0668941  
14  -0.0603422  0.0366183  0.014829  -0.0957414  
15  -0.139401  0.0265571  0.0252745  -0.0731479  
16  -0.123855  0.106731  0.0137951  0.052055  
17  -0.0318785  0.0711809  0.0141009  0.0442599  
18  -0.078616  0.0675465  0.0195945  0.0297525  
19  -0.0048033  0.0852293  0.0169352  0.0474224  
20  -0.0686609  0.0454188  0.0148267  0.0264081  
21  -0.0237236  0.0707158  0.00908042  0.0450168  
22  0.00130258  0.0460403  0.0144258  0.0241972  
23  0.0592328  0.0692811  0.0109989  0.048534  
24  0.0825484  0.0552332  0.0135103  0.0362114  
25  0.132266  0.0362146  0.0114003  0.0163588  
26  0.0593566  0.0546599  0.00585616  0.0450364  
27  0.115566  0.069029  0.00688133  0.0449683  
28  -0.0155646  0.0357434  0.0088586  0.0322333  
29  -0.024156  0.0566159  0.00973208  0.0397929  
30  -0.0135299  0.0610627  0.00878081  0.0298775  
31  -0.066468  0.0874412  0.00654991  0.0507081 
32	0 0 0 0
33	0 0 0 0
34	0 0 0 0
35	0 0 0 0
36	0 0 0 0
37	0 0 0 0
38	0 0 0 0
39	0 0 0 0
