0  -0.123855  0.103644  0.0122139  0
1  -0.0318785  0.0699881  0.0133027  0
2  -0.078616  0.0716272  0.0192087  0
3  -0.0048033  0.0804802  0.0158009  0
4  -0.0686609  0.0486628  0.0149222  0
5  -0.0237236  0.0656877  0.00844835  0
6  0.00130258  0.0492718  0.0147664  0
7  0.0592328  0.0626754  0.0110891  0
8  0.0825484  0.0544879  0.0148589  0
9  0.132266  0.0452658  0.0141455  0
10  0.0593566  0.0533411  0.00765675  0
11  0.115566  0.0697356  0.00875991  0
12  -0.0155646  0.0437243  0.0106198  0
13  -0.024156  0.0622924  0.0101147  0
14  -0.0135299  0.0708815  0.00847361  0
15  -0.066468  0.0869973  0.00482619  0
